		ASSECOBS	ABS	PLN	17:00:00	49,6000	-	49,6000	49,0000	50,0000	49,9000	0,60	1 140	56,56
		ASSECOPOL	ACP	PLN	17:03:27	74,1000	-	74,1000	73,3000	74,8500	73,3000	-1,08	115 608	8 531,50
		ASSECOSEE	ASE	PLN	17:00:00	47,9000	-	47,9000	47,9000	48,8000	48,0000	0,21	31 601	1 519,25
		ASTARTA	AST	PLN	17:01:19	28,5000	-	28,6000	28,1000	28,7000	28,6000	0,35	26 108	740,42
		ATAL	1AT	PLN	17:00:00	56,4000	-	56,4000	55,2000	56,8000	56,0000	-0,71	11 253	630,75
		ATENDE	ATD	PLN	17:00:00	3,4300	-	3,4300	3,3500	3,4500	3,3800	-1,46	37 838	128,09
		ATLANTAPL	ATP	PLN	16:37:58	13,4000	-	13,4000	13,0000	13,6000	13,6000	1,49	1 538	20,71
		ATLANTIS	ATS	PLN	16:20:44	0,4170	-	0,4160	0,4120	0,4160	0,4160	-0,24	15 074	6,25
		ATMGRUPA	ATG	PLN	17:02:10	3,5300	-	3,5300	3,5200	3,5400	3,5200	-0,28	5 728	20,20
		ATREM	ATR	PLN	16:42:57	6,3000	-	6,3000	6,2600	6,3400	6,3400	0,63	887	5,60
		AUTOPARTN	APR	PLN	17:00:00	26,0000	-	26,3000	25,8500	26,8000	25,8500	-0,58	113 151	2 965,64
		BAHOLDING 	BAH	PLN	-	0,1048	-	-	-	-	0,1048	-	-	-
		BBIDEV	BBD	PLN	16:24:19	4,5500	-	4,5200	4,3000	4,5200	4,4400	-2,42	17 659	76,98
		BEDZIN	BDZ	PLN	17:00:00	39,6000	-	39,6000	38,2000	39,6000	38,4000	-3,03	2 355	91,15
		BENEFIT	BFT	PLN	17:00:00	2 060,0000	-	2 080,0000	2 050,0000	2 140,0000	2 070,0000	0,49	7 861	16 511,42
		BEST	BST	PLN	13:16:23	20,8000	-	20,0000	20,0000	20,8000	20,8000	0,00	393	8,17
		BETACOM	BCM	PLN	09:00:00	4,9000	-	4,9000	4,9000	4,9000	4,9000	0,00	5	0,02
		BIGCHEESE	BCS	PLN	17:00:21	21,5000	-	21,4000	21,0000	21,4000	21,0000	-2,33	2 815	59,59
		BIOCELTIX	BCX	PLN	17:00:00	90,0000	-	90,8000	89,8000	91,8000	90,8000	0,89	3 100	281,98
		BIOMAXIMA	BMX	PLN	17:01:55	17,6800	-	17,6600	16,8400	17,6600	16,8400	-4,75	10 463	180,08
		BIOPLANET	BIP	PLN	09:10:39	14,5000	-	14,5000	14,5000	14,5000	14,5000	0,00	50	0,72
		BIOTON	BIO	PLN	17:00:00	3,6300	-	3,6300	3,6000	3,6350	3,6050	-0,69	61 858	223,42
		BNPPPL	BNP	PLN	17:00:00	83,0000	-	81,2000	81,2000	84,0000	84,0000	1,20	1 920	160,27
		BOGDANKA	LWB	PLN	17:00:00	34,4600	-	34,3000	33,8800	34,8800	34,0000	-1,33	46 394	1 586,81
		BOOMBIT	BBT	PLN	17:00:00	11,7500	-	11,7500	11,0500	11,7500	11,1500	-5,11	9 735	110,28
		BORYSZEW	BRS	PLN	17:00:00	6,1400	-	6,1900	6,1000	6,1900	6,1400	0,00	53 546	327,89
		BOS	BOS	PLN	17:00:00	10,9000	-	11,0400	11,0200	11,6800	11,5200	5,69	97 894	1 115,10
		BOWIM	BOW	PLN	17:00:00	7,0300	-	7,0400	6,9200	7,1100	6,9300	-1,42	16 897	118,14
		BRAND24	B24	PLN	16:47:16	36,6000	-	36,1000	35,7000	36,8000	35,9000	-1,91	4 475	160,88
		BUDIMEX	BDX	PLN	17:00:00	615,0000	-	616,0000	609,0000	627,0000	617,0000	0,33	31 761	19 614,71
		BUMECH	BMC	PLN	17:03:58	17,1500	-	17,1200	16,2000	18,6000	16,9000	-1,46	241 696	4 151,27
		CAPTORTX	CTX	PLN	17:00:00	106,0000	-	105,5000	101,0000	105,5000	102,0000	-3,77	1 433	145,49
		CASPAR	CSR	PLN	12:05:44	9,6000	-	9,6000	8,9500	9,6000	9,1500	-4,69	1 375	12,54
		CAVATINA	CAV	PLN	16:39:27	15,0000	-	15,1000	15,0000	15,2000	15,2000	1,33	2 849	42,98
		CCC	CCC	PLN	17:01:49	65,6000	-	67,0000	64,5000	68,5000	65,9000	0,46	431 451	28 638,97
		CDPROJEKT	CDR	PLN	17:04:57	116,5000	-	117,0000	116,0000	118,7500	116,0000	-0,43	260 047	30 404,90
		CDRL	CDL	PLN	12:43:38	12,5000	-	12,5000	12,0000	12,5000	12,0000	-4,00	737	8,87
		CELTIC	CPD	PLN	16:05:27	4,1000	-	4,0100	3,9000	4,0500	4,0500	-1,22	5 275	20,86
		CEZ	CEZ	PLN	17:00:00	161,9000	-	162,0000	162,0000	168,6000	163,0000	0,68	1 139	189,30
		CFI	CFI	PLN	14:56:42	0,2280	-	0,2340	0,2300	0,2340	0,2300	0,88	3 860	0,90
		CIECH 	CIE	PLN	-	53,0000	-	-	-	-	53,0000	-	-	-
		CIGAMES	CIG	PLN	17:04:35	2,2050	-	2,2150	2,1200	2,2150	2,1250	-3,63	1 001 816	2 168,41
		CITYSERV	CTS	PLN	15:44:27	5,7500	-	5,7500	5,7500	5,7500	5,7500	0,00	330	1,90
		CLNPHARMA	CLN	PLN	17:00:00	15,7200	-	15,7000	15,5000	15,8400	15,6400	-0,51	20 011	312,71
		CLOUD	CLD	PLN	16:45:15	73,0000	-	73,0000	72,4000	73,8000	72,4000	-0,82	625	45,38
		COALENERG	CLE	PLN	17:00:00	1,0720	-	1,0700	1,0240	1,0960	1,0480	-2,24	43 246	45,63
		COGNOR	COG	PLN	17:00:00	8,4600	-	8,4400	8,2100	8,4900	8,3600	-1,18	105 994	882,55
		COLUMBUS	CLC	PLN	16:45:07	5,8300	-	5,8500	5,6700	5,8500	5,7300	-1,72	58 294	334,66
		COMARCH	CMR	PLN	17:04:12	214,0000	-	208,0000	206,0000	214,0000	206,0000	-3,74	3 409	713,16
		COMP	CMP	PLN	16:49:40	73,8000	-	72,2000	72,2000	75,6000	75,0000	1,63	2 215	165,33
		COMPERIA	CPL	PLN	-	6,1000	-	-	-	-	6,1000	-	-	-
		COMPREMUM	CPR	PLN	17:00:39	2,0400	-	2,0400	2,0200	2,0500	2,0400	0,00	68 805	139,85
		CORMAY	CRM	PLN	17:00:00	0,6000	-	0,6000	0,5820	0,6000	0,5900	-1,67	117 254	68,81
		CREEPYJAR	CRJ	PLN	17:00:00	656,0000	-	656,0000	629,0000	656,0000	640,0000	-2,44	684	435,64
		CREOTECH	CRI	PLN	17:00:00	173,0000	-	175,0000	164,5000	175,0000	170,0000	-1,73	6 336	1 066,27
		CYBERFLKS	CBF	PLN	17:00:00	96,8000	-	98,0000	94,0000	98,0000	94,0000	-2,89	4 336	414,48
		CYFRPLSAT	CPS	PLN	17:00:00	12,9600	-	12,9600	12,8800	13,2900	12,9500	-0,08	974 261	12 718,54
		DADELO	DAD	PLN	16:14:10	14,6000	-	14,6500	14,1500	15,8000	15,8000	8,22	5 187	78,92
		DATAWALK	DAT	PLN	17:01:47	31,0500	-	31,2000	29,2000	31,4000	29,9500	-3,54	47 288	1 429,44
		DBENERGY	DBE	PLN	16:49:13	18,8000	-	18,9500	18,1500	18,9500	18,7000	-0,53	1 099	20,18
		DEBICA	DBC	PLN	17:00:00	70,0000	-	70,2000	69,6000	70,4000	70,0000	0,00	2 843	199,50
		DECORA	DCR	PLN	17:00:00	59,0000	-	59,0000	56,4000	59,2000	58,2000	-1,36	2 505	145,86
		DEKPOL	DEK	PLN	16:42:24	55,0000	-	54,2000	54,0000	56,2000	56,0000	1,82	5 005	275,54
		DELKO	DEL	PLN	17:00:00	11,7000	-	11,8000	11,7500	11,9000	11,8500	1,28	3 907	46,28
		DEVELIA	DVL	PLN	17:00:00	4,6900	-	4,7900	4,6000	4,7900	4,6200	-1,49	183 874	856,07
		DGA	DGA	PLN	11:22:37	7,2500	-	7,2500	7,0000	7,8000	7,0500	-2,76	4 341	31,23
		DIGITANET	DIG	PLN	17:00:00	29,2000	-	30,0000	29,1000	30,0000	29,4000	0,68	1 602	47,39
		DIGITREE	DTR	PLN	12:15:33	9,8000	-	9,1000	9,0000	9,7500	9,7500	-0,51	245	2,29
		DINOPL	DNP	PLN	17:00:00	463,7000	-	463,8000	457,2000	471,0000	459,0000	-1,01	98 510	45 502,80
		DOMDEV	DOM	PLN	17:00:00	162,0000	-	162,0000	158,4000	163,8000	160,0000	-1,23	4 381	705,76
		DRAGOENT	DGE	PLN	16:45:27	55,6000	-	55,6000	54,2000	58,0000	57,0000	2,52	2 334	131,70
		DROZAPOL	DPL	PLN	15:56:06	3,4700	-	3,4700	3,3300	3,4700	3,3400	-3,75	24 235	81,94
		ECHO	ECH	PLN	17:00:01	4,0300	-	4,0200	4,0100	4,1000	4,0100	-0,50	57 912	233,51
		EDINVEST	EDI	PLN	16:46:42	7,4500	-	7,4500	7,3000	7,4500	7,4000	-0,67	275	2,04
		ELEKTROTI	ELT	PLN	17:00:00	18,6800	-	18,6800	18,5000	18,8200	18,8000	0,64	22 388	418,92
		ELKOP	EKP	PLN	16:24:44	0,4740	-	0,4740	0,4570	0,4800	0,4760	0,42	95 226	44,13
		ELZAB 	ELZ	PLN	-	1,9200	-	-	-	-	1,9200	-	-	-
		EMCINSMED	EMC	PLN	15:31:14	8,2000	-	8,6500	8,0500	8,6500	8,0500	-1,83	683	5,56
		ENEA	ENA	PLN	17:00:00	8,9900	-	9,0000	9,0000	9,3700	9,2600	3,00	680 024	6 282,63
		ENELMED	ENE	PLN	17:00:00	18,5000	-	19,0000	18,1000	19,0000	18,5000	0,00	10 260	189,81
		ENERGA	ENG	PLN	17:00:00	9,3000	-	9,2600	9,1200	9,3000	9,1800	-1,29	17 816	163,90
		ENERGOINS	ENI	PLN	16:47:15	3,3600	-	3,3600	3,2200	3,3600	3,2400	-3,57	16 644	54,35
		ENTER	ENT	PLN	17:00:00	49,4000	-	49,4000	49,0000	49,6000	49,0000	-0,81	3 835	188,61
		ERBUD	ERB	PLN	17:00:00	40,4000	-	41,3000	39,1000	41,8000	39,8000	-1,49	11 446	462,88
		ERG	ERG	PLN	-	52,0000	-	-	-	-	52,0000	-	-	-
		ESOTIQ	EAH	PLN	16:44:24	35,8000	-	35,3000	35,1000	35,7000	35,6000	-0,56	1 180	41,66
		ESTAR	EST	PLN	-	1,4600	-	-	-	-	1,4600	-	-	-
		EUCO 	EUC	PLN	17:00:00	0,6000	-	0,6000	0,5600	0,6000	0,6000	0,00	5 659	3,23
		EUROCASH	EUR	PLN	17:01:38	16,2900	-	16,2900	16,1200	16,5700	16,1500	-0,86	108 391	1 769,30
		EUROHOLD	EHG	PLN	-	3,8800	-	-	-	-	3,8800	-	-	-
		EUROTEL	ETL	PLN	16:33:32	43,0000	-	43,1000	41,3000	43,6000	41,8000	-2,79	5 209	222,04
		FABRITY	FAB	PLN	17:00:00	35,2000	-	35,2000	35,1000	35,5000	35,4000	0,57	1 596	56,07
		FASING	FSG	PLN	17:00:00	13,9500	-	13,6000	13,4500	13,6500	13,4500	-3,58	793	10,73
		FEERUM	FEE	PLN	16:16:27	6,0000	-	6,0000	5,8000	6,0000	6,0000	0,00	888	5,24
		FERRO	FRO	PLN	17:00:00	31,6000	-	31,8000	31,2000	31,8000	31,2000	-1,27	18 944	598,26
		FERRUM	FER	PLN	13:10:43	3,4400	-	3,4000	3,4000	3,4000	3,4000	-1,16	1 132	3,85
		FMG	FMG	PLN	17:00:00	46,8000	-	44,8000	44,6000	46,8000	44,8000	-4,27	189	8,46
		FON 	FON	PLN	-	0,5850	1,8000	-	-	-	0,5850	-	-	-
		FORTE	FTE	PLN	16:41:24	22,8000	-	22,7000	22,7000	23,2000	22,8000	0,00	1 957	44,86
		GAMEOPS	GOP	PLN	17:01:09	33,2000	-	32,0000	31,6000	33,0000	33,0000	-0,60	5 099	164,92
		GAMFACTOR	GIF	PLN	17:00:00	11,0000	-	11,3000	10,8500	11,4500	11,3500	3,18	21 168	235,14
		GENOMTEC	GMT	PLN	17:01:16	11,0000	-	11,0000	10,5000	11,0000	10,8500	-1,36	26 149	280,42
		GETIN	GTN	PLN	16:37:09	0,6390	-	0,6390	0,6300	0,6390	0,6350	-0,63	160 031	101,46
		GIGROUP	GIG	PLN	14:20:43	1,4350	-	1,4350	1,4050	1,4350	1,4350	0,00	10 310	14,56
		GLCOSMED	GLC	PLN	17:00:00	3,4900	-	3,4900	3,4300	3,5800	3,5700	2,29	15 148	53,15
		GOBARTO	GOB	PLN	15:26:24	27,4000	-	26,6000	26,5000	27,0000	26,6000	-2,92	1 244	33,15
		GPW	GPW	PLN	17:00:00	41,8200	-	41,8200	41,7000	42,2600	42,0200	0,48	113 578	4 771,90
		GREENX	GRX	PLN	17:04:27	2,5400	-	2,5150	2,4950	2,5300	2,5100	-1,18	386 990	975,05
		GRENEVIA	GEA	PLN	17:00:00	3,3700	-	3,3750	3,3100	3,3900	3,3300	-1,19	150 812	504,33
		GRODNO	GRN	PLN	17:02:57	10,9800	-	10,9000	10,5800	10,9600	10,8000	-1,64	20 224	218,39
		GRUPAAZOTY	ATT	PLN	17:00:00	24,5000	-	24,4800	24,4000	25,2400	24,7800	1,14	190 362	4 736,17
		GRUPRACUJ	GPP	PLN	17:02:11	58,6000	-	59,0000	57,6000	59,9000	59,2000	1,02	27 412	1 627,44
		GTC	GTC	PLN	14:44:56	4,4100	-	4,4400	4,4000	4,4400	4,4000	-0,23	4 648	20,48
		HANDLOWY	BHW	PLN	17:04:24	102,8000	-	102,6000	100,4000	103,0000	101,0000	-1,75	18 434	1 870,56
		HARPER	HRP	PLN	17:01:19	7,6400	-	7,6800	7,5400	7,7800	7,5400	-1,31	18 475	140,00
		HELIO	HEL	PLN	12:26:54	19,5000	-	20,4000	19,5000	20,4000	19,5000	0,00	679	13,28
		HERKULES 	HRS	PLN	17:00:00	0,7800	-	0,7620	0,7500	0,7760	0,7520	-3,59	48 376	36,54
		HMINWEST	HMI	PLN	17:00:00	41,9000	-	41,6000	40,5000	43,5000	43,5000	3,82	1 009	42,01
		HUUUGE	HUG	PLN	17:00:00	27,0000	-	26,8500	26,4000	27,0000	27,0000	0,00	42 177	1 130,73
		HYDROTOR	HDR	PLN	16:32:55	35,0000	-	35,4000	35,0000	35,4000	35,2000	0,57	50	1,76
		IBSM	IBS	PLN	17:00:00	74,2000	-	76,6000	74,2000	76,6000	74,2000	0,00	8	0,60
		IDMSA	IDM	PLN	16:42:46	0,5600	-	0,5600	0,5600	0,5800	0,5650	0,89	4 644	2,62
		IFCAPITAL 	IFC	PLN	-	0,2520	0,2520	-	-	-	0,2520	-	-	-
		IFIRMA	IFI	PLN	17:04:44	35,0000	-	35,0000	34,8000	35,0000	35,0000	0,00	2 306	80,66
		IFSA	IFR	PLN	12:03:28	2,3700	-	2,3700	2,1600	2,4400	2,4400	2,95	7 445	17,77
		IIAAV	IIA	PLN	-	85,6000	-	-	-	-	85,6000	-	-	-
		IMCOMPANY	IMC	PLN	15:04:01	9,6800	-	9,6800	9,2000	9,6800	9,3400	-3,51	5 209	48,40
		IMMOBILE	GKI	PLN	17:00:00	2,7000	-	2,7000	2,6900	2,7500	2,7400	1,48	7 477	20,26
		IMPERIO 	IMP	PLN	-	1,0800	-	-	-	-	1,0800	-	-	-
		IMS	IMS	PLN	16:47:40	4,3900	-	4,4000	4,3600	4,4400	4,4400	1,14	2 136	9,46
		INC	INC	PLN	17:00:00	2,2300	-	2,2400	2,1300	2,2400	2,1600	-3,14	21 250	45,95
		INGBSK	ING	PLN	17:00:00	269,0000	-	266,5000	263,5000	273,0000	265,0000	-1,49	7 166	1 914,33
		INPRO	INP	PLN	09:00:46	7,9000	-	8,0000	8,0000	8,0000	8,0000	1,27	2	0,02
		INSTALKRK	INK	PLN	14:25:00	49,8000	-	48,9000	48,9000	49,0000	49,0000	-1,61	21 000	1 029,00
		INTERAOLT 	IRL	PLN	-	9,8200	-	-	-	-	9,8200	-	-	-
		INTERBUD	ITB	PLN	17:00:00	2,1000	-	2,1800	1,9800	2,1800	2,0000	-4,76	14 588	29,61
		INTERCARS	CAR	PLN	17:00:00	617,0000	-	616,0000	614,0000	624,0000	624,0000	1,13	5 060	3 146,98
		INTERSPPL	IPO	PLN	17:02:46	1,0400	-	1,0100	1,0000	1,0400	1,0400	0,00	22 100	22,70
		INTROL	INL	PLN	16:26:28	9,4800	-	9,4800	9,4600	9,4800	9,4800	0,00	1 218	11,53
		IPOPEMA	IPE	PLN	17:00:00	3,8700	-	3,8700	3,7600	3,8900	3,8500	-0,52	7 436	28,44
		IZOBLOK	IZB	PLN	16:17:19	49,8000	-	49,8000	49,4000	50,0000	50,0000	0,40	186	9,24
		IZOLACJA	IZO	PLN	17:00:00	3,5000	-	3,3500	3,3500	3,5900	3,5500	1,43	3 174	10,88
		IZOSTAL	IZS	PLN	17:00:00	2,6300	-	2,6200	2,5900	2,6400	2,6400	0,38	15 756	41,06
		JSW	JSW	PLN	17:02:07	43,6300	-	43,6500	41,9000	44,0400	42,0000	-3,74	856 759	36 590,40
		JWWINVEST	JWW	PLN	17:00:00	3,3400	-	3,3200	3,2600	3,4200	3,4200	2,40	4 903	16,33
		KCI	KCI	PLN	16:45:52	0,9780	-	0,9560	0,9480	0,9760	0,9720	-0,61	141 618	135,91
		KERNEL	KER	PLN	17:01:40	10,4000	-	10,4000	9,8000	11,1000	9,8550	-5,24	197 647	2 025,79
		KETY	KTY	PLN	17:00:00	749,0000	-	748,0000	739,0000	757,5000	750,5000	0,20	13 126	9 850,13
		KGHM	KGH	PLN	17:02:59	126,1000	-	127,0000	123,8000	128,4000	123,9500	-1,70	500 296	62 789,73
		KGL	KGL	PLN	09:48:40	14,6000	-	14,6000	14,5000	14,6000	14,6000	0,00	628	9,13
		KINOPOL	KPL	PLN	16:35:15	14,5000	-	14,7000	14,4500	14,7000	14,5000	0,00	30 398	441,27
		KOGENERA	KGN	PLN	17:00:00	48,4000	-	48,2000	47,1000	50,0000	49,5000	2,27	9 077	442,91
		KOMPAP	KMP	PLN	15:38:06	18,5000	-	17,9000	17,6000	17,9000	17,9000	-3,24	711	12,65
		KOMPUTRON	KOM	PLN	16:31:29	4,9300	-	4,9400	4,9100	4,9400	4,9200	-0,20	7 400	36,48
		KPPD	KPD	PLN	15:39:17	56,2000	-	54,4000	54,0000	56,4000	56,4000	0,36	127	6,91
		KRAKCHEM	KCH	PLN	12:03:49	0,4800	-	0,4600	0,4260	0,4800	0,4800	0,00	11 666	5,16
		KREDYTIN	KRI	PLN	17:00:00	12,0000	-	12,5000	11,8000	12,5000	12,3000	2,50	247	2,92
		KRKA	KRK	PLN	16:44:42	475,0000	-	474,0000	474,0000	478,0000	478,0000	0,63	67	31,91
		KRUK	KRU	PLN	17:00:00	482,4000	-	483,8000	475,6000	488,0000	479,4000	-0,62	29 405	14 152,53
		KRVITAMIN	KVT	PLN	15:56:26	13,6500	-	13,9500	12,9000	13,9500	12,9000	-5,49	1 307	17,23
		KSGAGRO	KSG	PLN	17:00:00	1,5650	-	1,5350	1,5250	1,5750	1,5600	-0,32	8 497	13,15
		LABOPRINT	LAB	PLN	12:58:22	15,7000	-	15,7000	15,7000	15,8000	15,7000	0,00	347	5,46
		LARQ	LRQ	PLN	16:27:07	1,4000	-	1,4400	1,3800	1,4800	1,4800	5,71	7 514	10,83
		LENA	LEN	PLN	16:25:30	3,5000	-	3,5100	3,5100	3,5800	3,5500	1,43	6 917	24,51
		LENTEX	LTX	PLN	16:36:10	7,2600	-	7,2000	7,1400	7,2800	7,2600	0,00	23 735	172,20
		LESS	LES	PLN	17:00:00	0,2020	-	0,2020	0,2000	0,2050	0,2010	-0,50	111 645	22,50
		LIBET	LBT	PLN	12:40:53	1,2900	-	1,3000	1,2500	1,3000	1,2500	-3,10	861	1,08
		LOKUM	LKD	PLN	17:00:00	24,2000	-	23,2000	23,0000	25,0000	24,6000	1,65	2 444	60,18
		LPP	LPP	PLN	17:04:08	16 530,0000	-	16 500,0000	16 500,0000	16 860,0000	16 650,0000	0,73	5 005	83 513,58
		LSISOFT	LSI	PLN	11:30:48	15,0500	-	15,0500	15,0500	15,2000	15,2000	1,00	2 172	32,72
		LUBAWA	LBW	PLN	17:00:00	2,2140	-	2,2060	2,1520	2,2160	2,1700	-1,99	194 190	423,86
		MABION	MAB	PLN	17:00:00	18,7000	-	18,6800	18,2600	18,7000	18,3500	-1,87	62 424	1 151,87
		MAKARONPL	MAK	PLN	16:27:56	23,0000	-	23,0000	22,1000	23,3000	23,1000	0,43	15 481	354,08
		MANGATA	MGT	PLN	16:24:42	88,0000	-	88,5000	88,0000	88,5000	88,5000	0,57	49	4,33
		MANYDEV	MAN	PLN	15:10:33	0,6400	-	0,6400	0,6400	0,6400	0,6400	0,00	35	0,02
		MARVIPOL	MVP	PLN	16:44:25	7,4600	-	7,4800	7,3800	7,4800	7,3800	-1,07	10 676	79,27
		MAXCOM	MXC	PLN	16:35:51	9,3000	-	9,3000	9,0000	9,3000	9,2800	-0,22	4 527	41,15
		MBANK	MBK	PLN	17:03:19	550,8000	-	562,8000	540,4000	562,8000	546,0000	-0,87	37 463	20 583,90
		MBWS	MBW	PLN	09:00:46	10,9000	-	10,9000	10,9000	10,9000	10,9000	0,00	2	0,02
		MCI	MCI	PLN	17:00:22	24,7000	-	24,6000	23,6000	24,6000	23,9000	-3,24	14 041	334,28
		MDIENERGIA	MDI	PLN	15:42:11	1,6800	-	1,6800	1,6800	1,7650	1,7600	4,76	9 961	17,46
		MEDICALG	MDG	PLN	17:00:00	31,3000	-	31,1500	29,7500	31,4500	30,3000	-3,19	49 841	1 511,87
		MEDINICE	ICE	PLN	17:00:00	9,7600	-	9,7000	9,2000	9,7000	9,3200	-4,51	25 035	235,53
		MENNICA	MNC	PLN	17:00:00	16,3500	-	16,3500	16,3500	16,4000	16,4000	0,31	588	9,63
		MERCATOR	MRC	PLN	17:00:00	41,3400	-	41,2200	41,0200	41,8000	41,8000	1,11	13 828	572,85
		MERCOR	MCR	PLN	17:00:00	30,4000	-	30,9000	30,3000	30,9000	30,7000	0,99	1 567	48,02
		MEXPOLSKA	MEX	PLN	17:00:00	3,6900	-	3,6900	3,6900	3,8600	3,8600	4,61	2 793	10,58
		MFO	MFO	PLN	16:39:11	34,6000	-	34,9000	33,6000	34,9000	33,9000	-2,02	983	33,58
		MILKILAND	MLK	PLN	17:00:00	0,6420	-	0,6210	0,6150	0,6520	0,6200	-3,43	18 190	11,46
		MILLENNIUM	MIL	PLN	17:00:00	8,4600	-	8,3500	8,3500	8,7400	8,5450	1,00	913 548	7 863,86
		MIRACULUM	MIR	PLN	14:06:09	1,2000	-	1,2500	1,2100	1,2500	1,2300	2,50	74 876	93,38
		MIRBUD	MRB	PLN	17:00:00	7,5300	-	7,6200	7,5200	7,6200	7,6000	0,93	55 967	423,99
		MLPGROUP	MLG	PLN	16:06:51	70,2000	-	70,2000	68,2000	71,0000	71,0000	1,14	866	60,59
		MLSYSTEM	MLS	PLN	17:00:00	55,7000	-	55,6000	54,9000	55,6000	55,4000	-0,54	6 083	336,11
		MOBRUK	MBR	PLN	17:00:00	329,0000	-	329,5000	324,0000	330,0000	325,0000	-1,22	3 425	1 122,18
		MOJ	MOJ	PLN	15:49:26	1,9000	-	1,8100	1,8100	1,8100	1,8100	-4,74	751	1,36
		MOL	MOL	PLN	16:46:37	31,8600	-	31,9800	31,9200	32,2200	32,1000	0,75	207 566	6 649,16
		MOLECURE	MOC	PLN	17:00:00	20,6000	-	20,6000	20,0000	20,7000	20,0500	-2,67	15 856	323,51
		MONNARI	MON	PLN	17:00:00	5,8600	-	5,8600	5,7800	6,0400	5,8800	0,34	27 946	163,83
		MOSTALPLC	MSP	PLN	14:03:24	17,7000	-	17,8000	17,6000	18,1000	17,6000	-0,56	2 453	43,54
		MOSTALWAR	MSW	PLN	17:00:00	6,6200	-	6,5000	6,5000	6,8000	6,6000	-0,30	2 480	16,64
		MOSTALZAB	MSZ	PLN	17:04:02	4,3900	-	4,3800	4,2300	4,3900	4,3200	-1,59	188 112	811,13
		MOVIEGAMES	MOV	PLN	17:00:00	27,3000	-	27,3000	25,8500	28,3000	26,4500	-3,11	43 233	1 148,86
		MURAPOL	MUR	PLN	17:00:00	36,7000	-	36,7000	36,5150	36,8000	36,6000	-0,27	115 053	4 220,41
		MUZA	MZA	PLN	16:46:48	13,6000	-	13,5000	12,6000	13,6000	13,6000	0,00	8 310	110,03
		MWTRADE	MWT	PLN	09:24:27	6,1000	-	5,9000	5,9000	5,9000	5,9000	-3,28	2	0,01
		NANOGROUP	NNG	PLN	17:00:00	0,9420	-	0,9440	0,9240	0,9660	0,9380	-0,42	122 563	115,16
		NEUCA	NEU	PLN	17:00:26	860,0000	-	866,0000	860,0000	890,0000	875,0000	1,74	2 820	2 468,81
		NEWAG	NWG	PLN	17:01:37	21,5000	-	21,5000	21,0000	22,4000	22,2000	3,26	25 814	559,86
		NEXITY	NXG	PLN	17:00:00	2,7500	-	2,7300	2,5600	2,7400	2,7000	-1,82	11 985	31,79
		NOVATURAS	NTU	PLN	16:02:35	16,0000	-	14,7000	14,7000	14,7000	14,7000	-8,13	72	1,06
		NOVAVISGR	NVG	PLN	17:00:00	2,1200	-	2,1300	2,0800	2,1500	2,1400	0,94	19 392	41,17
		NOVITA	NVT	PLN	16:15:20	125,0000	-	127,0000	126,0000	127,0000	126,0000	0,80	19	2,40
		NTCAPITAL	NTC	PLN	12:46:40	0,7000	-	0,7000	0,7000	0,7000	0,7000	0,00	2 698	1,89
		NTTSYSTEM	NTT	PLN	16:43:47	5,3400	-	5,2600	5,2000	5,3600	5,2200	-2,25	8 071	42,26
		ODLEWNIE	ODL	PLN	15:44:55	8,6000	-	8,6000	8,5500	8,7500	8,6000	0,00	74 859	649,19
		OEX	OEX	PLN	09:46:36	46,1000	-	45,9000	45,9000	46,0000	46,0000	-0,22	50	2,30
		ONDE	OND	PLN	17:01:47	16,8800	-	17,1200	16,3200	17,4000	16,9000	0,12	98 939	1 678,37
		ONESANO	ONO	PLN	15:21:44	1,1900	-	1,1750	1,1750	1,2300	1,1900	0,00	17 044	20,68
		OPONEO.PL	OPN	PLN	17:00:00	46,9000	-	46,8000	46,1000	47,0000	46,7000	-0,43	1 236	57,40
		OPTEAM	OPM	PLN	13:58:29	5,7200	-	5,6800	5,6000	5,7400	5,6000	-2,10	2 217	12,62
		ORANGEPL	OPL	PLN	17:00:00	8,1960	-	8,1700	8,1600	8,2880	8,2000	0,05	1 132 400	9 306,99
		ORCOGROUP	OPG	PLN	17:00:00	2,3400	-	2,2000	2,2000	2,3400	2,3400	0,00	251	0,55
		OTLOG	OTS	PLN	17:00:00	37,0000	-	37,0000	33,3000	37,1000	36,4000	-1,62	27 565	989,79
		OTMUCHOW	OTM	PLN	11:50:42	3,8000	-	3,8200	3,8200	3,9000	3,9000	2,63	552	2,15
		OVOSTAR	OVO	PLN	15:29:15	70,0000	-	77,0000	72,0000	77,0000	72,0000	2,86	7	0,53
		PAMAPOL	PMP	PLN	16:45:06	2,8300	-	2,8300	2,7800	2,8300	2,8200	-0,35	15 493	43,61
		PANOVA	NVA	PLN	16:03:32	15,5000	-	15,5000	15,1000	15,7000	15,7000	1,29	2 605	39,88
		PASSUS	PAS	PLN	09:16:32	21,6000	-	21,2000	21,2000	21,2000	21,2000	-1,85	25	0,53
		PATENTUS	PAT	PLN	17:00:00	3,5800	-	3,5700	3,4800	3,6400	3,6400	1,68	141 362	497,62
		PCCEXOL	PCX	PLN	16:40:03	2,9000	-	2,9100	2,8950	2,9350	2,9350	1,21	56 112	163,24
		PCCROKITA	PCR	PLN	17:00:00	89,7000	-	89,8000	89,8000	91,5000	90,8000	1,23	4 327	391,95
		PCFGROUP	PCF	PLN	17:00:00	28,9500	-	28,9000	27,0000	28,9000	28,1000	-2,94	15 166	416,83
		PEKABEX	PBX	PLN	17:00:00	22,5000	-	22,3000	21,8000	22,5000	22,0000	-2,22	14 053	309,33
		PEKAO	PEO	PLN	17:04:50	150,8500	-	151,0000	148,0000	152,5000	149,5000	-0,89	612 242	91 564,95
		PEP	PEP	PLN	17:00:00	78,3000	-	79,8000	77,2000	79,9000	78,5000	0,26	2 447	191,23
		PEPCO	PCO	PLN	17:01:38	26,8400	-	26,8400	26,0200	27,5600	26,4200	-1,56	1 219 260	32 403,09
		PEPEES	PPS	PLN	16:34:44	1,2000	-	1,1900	1,1800	1,2000	1,2000	0,00	41 493	49,57
		PGE	PGE	PLN	17:00:37	8,6700	-	8,6700	8,6420	8,8900	8,7340	0,74	2 136 210	18 704,51
		PGFGROUP	PGV	PLN	17:00:00	0,4960	-	0,4980	0,4780	0,5000	0,4900	-1,21	104 782	50,84
		PHARMENA	PHR	PLN	17:00:00	6,1400	-	6,0200	5,6600	6,1600	5,8600	-4,56	4 667	27,37
		PHN	PHN	PLN	16:48:33	13,6000	-	13,6000	13,5000	13,6000	13,6000	0,00	6 611	89,45
		PHOTON	PEN	PLN	17:00:00	8,2000	-	8,2000	8,0900	8,2500	8,1900	-0,12	15 790	128,96
		PJPMAKRUM	PJP	PLN	09:00:00	16,6000	-	16,6000	16,6000	16,6000	16,6000	0,00	2	0,03
		PKNORLEN	PKN	PLN	17:04:41	63,1400	-	63,6500	62,7200	64,0000	62,7200	-0,67	1 545 273	97 629,57
		PKOBP	PKO	PLN	17:04:55	50,7800	-	50,7000	50,0000	51,2600	50,4600	-0,63	1 436 545	72 570,70
		PKPCARGO	PKP	PLN	17:00:00	14,3000	-	14,3200	14,3000	14,4600	14,3000	0,00	90 778	1 305,49
		PLAYWAY	PLW	PLN	17:00:17	349,0000	-	348,5000	339,0000	352,0000	344,0000	-1,43	3 741	1 282,53
		PLAZACNTR	PLZ	PLN	17:00:00	2,3600	-	2,3300	2,2700	2,3600	2,3200	-1,69	18 796	43,39
		PMPG	PGM	PLN	13:51:10	3,1800	-	3,1600	3,0800	3,1600	3,0800	-3,14	703	2,19
		POLICE	PCE	PLN	15:57:05	12,3500	-	12,0000	12,0000	12,3000	12,1500	-1,62	945	11,54
		POLIMEXMS	PXM	PLN	17:00:44	4,1700	-	4,1450	4,1050	4,2300	4,1450	-0,60	395 494	1 637,25
		POLTREG	PTG	PLN	17:00:00	49,6000	-	48,8000	48,6000	48,8000	48,6000	-2,02	1 556	75,72
		POLWAX	PWX	PLN	16:12:46	1,9900	-	1,9900	1,9600	1,9900	1,9900	0,00	6 733	13,29
		PRAGMAINK	PRI	PLN	16:48:47	4,3600	-	4,4000	4,4000	4,7200	4,5200	3,67	13 369	62,04
		PROCHEM	PRM	PLN	13:09:47	29,4000	-	28,6000	28,6000	29,4000	29,4000	0,00	39	1,12
		PROTEKTOR	PRT	PLN	17:00:00	1,8120	-	1,7600	1,7500	1,7800	1,7780	-1,88	52 463	92,64
		PULAWY	ZAP	PLN	17:00:00	61,4000	-	61,6000	61,0000	61,8000	61,4000	0,00	1 614	99,21
		PURE	PUR	PLN	17:01:36	7,2500	-	5,4400	5,0100	5,9600	5,4600	-24,69	541 992	2 921,43
		PZU	PZU	PLN	17:01:25	47,1100	-	47,2500	47,2000	48,4500	47,6700	1,19	2 208 061	105 399,33
		QUERCUS	QRS	PLN	17:00:00	5,3000	-	5,4600	5,3400	5,7400	5,6000	5,66	130 212	721,82
		RAEN	RAE	PLN	16:49:59	0,8060	-	0,8100	0,7660	0,8260	0,7980	-0,99	65 816	51,65
		RAFAKO	RFK	PLN	17:00:18	0,6700	-	0,6700	0,6590	0,6780	0,6600	-1,49	976 189	649,18
		RAFAMET	RAF	PLN	16:49:25	16,3000	-	16,0000	16,0000	16,2000	16,0000	-1,84	27	0,43
		RAINBOW	RBW	PLN	17:00:00	54,0000	-	54,8000	54,0000	56,8000	56,0000	3,70	28 565	1 580,44
		RANKPROGR	RNK	PLN	17:00:00	2,6600	-	2,6800	2,5300	2,6800	2,6100	-1,88	52 110	134,59
		RAWLPLUG	RWL	PLN	10:58:51	14,6000	-	14,3000	14,3000	14,6500	14,6500	0,34	503	7,32
		REDAN	RDN	PLN	15:23:21	0,3780	-	0,3620	0,3620	0,3660	0,3640	-3,70	11 905	4,34
		REINO	RNC	PLN	09:00:46	1,3500	-	1,3800	1,3800	1,3800	1,3800	2,22	2	0,00
		RELPOL	RLP	PLN	16:07:16	7,1200	-	7,1600	7,1600	7,3200	7,3200	2,81	4 444	32,15
		REMAK	RMK	PLN	16:48:22	14,3000	-	13,8500	13,8500	14,2000	14,0000	-2,10	982	13,69
		RESBUD	RES	PLN	17:01:00	0,7000	-	0,7000	0,6500	0,7000	0,6500	-7,14	9 866	6,58
		ROPCZYCE	RPC	PLN	15:31:04	31,5000	-	31,5000	31,4000	31,6000	31,4000	-0,32	113	3,56
		RYVU	RVU	PLN	17:02:25	61,5000	-	61,4000	59,8000	61,6000	60,0000	-2,44	4 721	285,64
		SANOK	SNK	PLN	17:00:00	23,0000	-	22,9000	22,6000	23,0000	22,8000	-0,87	16 612	378,11
		SANPL	SPL	PLN	17:04:56	503,0000	-	509,5000	506,5000	519,5000	511,0000	1,59	43 363	22 192,40
		SANTANDER	SAN	PLN	17:00:00	16,6200	-	16,6260	16,2980	16,6780	16,6780	0,35	2 845	46,88
		SANWIL	SNW	PLN	17:00:00	1,8100	-	1,7850	1,7850	1,8300	1,8150	0,28	17 109	30,90
		SATIS	STS	PLN	17:00:00	0,4990	-	0,4670	0,4660	0,4980	0,4800	-3,81	69 767	32,95
		SCPFL	SCP	PLN	17:00:00	199,0000	-	199,0000	196,5000	201,0000	201,0000	1,01	1 223	243,77
		SECOGROUP	SWG	PLN	-	29,0000	-	-	-	-	29,0000	-	-	-
		SEKO	SEK	PLN	15:53:44	11,2000	-	11,2000	11,2000	11,3000	11,2000	0,00	890	9,99
		SELENAFM	SEL	PLN	15:56:53	38,4000	-	38,3000	37,2000	38,7000	38,2000	-0,52	1 395	53,32
		SELVITA	SLV	PLN	17:00:00	60,0000	-	60,0000	59,5000	60,4000	59,8000	-0,33	7 080	423,98
		SERINUS	SEN	PLN	17:00:19	2,1550	-	2,1500	2,1200	2,3300	2,2100	2,55	108 861	244,26
		SESCOM	SES	PLN	16:47:04	42,6000	-	42,6000	38,4000	43,8000	39,2000	-7,98	1 198	48,58
		SFINKS	SFS	PLN	17:00:00	0,8000	-	0,8000	0,7520	0,8000	0,7800	-2,50	79 883	62,52
		SHOPER	SHO	PLN	17:00:00	32,1000	-	32,2000	31,4000	32,2000	32,0000	-0,31	2 134	67,76
		SILVAIR-REGS 	SVRS	PLN	13:46:23	4,9000	-	4,7000	4,7000	4,7000	4,7000	-4,08	899	4,23
		SILVANO	SFG	PLN	11:16:44	5,4500	-	5,4500	5,4500	5,4500	5,4500	0,00	100	0,55
		SIMFABRIC	SIM	PLN	16:46:17	3,1200	-	3,1000	2,9400	3,1000	2,9950	-4,01	143 123	425,49
		SKARBIEC	SKH	PLN	17:00:00	24,8000	-	24,9000	23,8000	24,9000	24,9000	0,40	2 787	68,38
		SKYLINE	SKL	PLN	-	1,7000	-	-	-	-	1,7000	-	-	-
		SNIEZKA	SKA	PLN	16:48:20	83,0000	-	84,4000	83,4000	84,4000	83,4000	0,48	74	6,19
		SNTVERSE	SVE	PLN	17:01:12	4,5000	-	4,5000	4,4880	4,5600	4,4880	-0,27	141 146	636,01
		SOLAR	SOL	PLN	14:02:23	3,9200	-	3,9000	3,7000	3,9400	3,9400	0,51	607	2,36
		SONEL	SON	PLN	14:01:36	12,9500	-	12,9500	12,8500	12,9500	12,8500	-0,77	120	1,55
		SOPHARMA	SPH	PLN	16:00:10	12,5500	-	13,3500	13,3500	13,3500	13,3500	6,37	85	1,13
		SPYROSOFT	SPR	PLN	17:00:00	482,0000	-	488,0000	488,0000	500,0000	500,0000	3,73	442	219,69
		STALEXP	STX	PLN	17:00:00	3,2500	-	3,2500	3,2200	3,2700	3,2700	0,62	53 443	173,63
		STALPROD	STP	PLN	17:00:00	215,5000	-	216,0000	216,0000	220,0000	220,0000	2,09	4 800	1 046,16
		STALPROFI	STF	PLN	16:28:15	8,3700	-	8,3800	8,3200	8,3800	8,3600	-0,12	9 380	78,21
		STAPORKOW	ZUK	PLN	15:33:40	2,8700	-	2,8100	2,7800	2,8500	2,7800	-3,14	4 269	11,91
		STSHOLDING 	STH	PLN	-	24,6000	-	-	-	-	24,6000	-	-	-
		SUNEX	SNX	PLN	17:00:00	12,1600	-	12,1600	12,0200	12,3000	12,1000	-0,49	28 911	350,07
		SYGNITY	SGN	PLN	16:33:23	39,5000	-	39,8000	38,0000	39,9000	39,9000	1,01	2 998	119,32
		SYNEKTIK	SNT	PLN	17:00:00	87,0000	-	87,0000	82,8000	87,0000	84,0000	-3,45	27 883	2 367,52
		TALEX	TLX	PLN	09:00:47	17,0000	-	17,0000	17,0000	17,0000	17,0000	0,00	10	0,17
		TARCZYNSKI	TAR	PLN	16:01:59	48,0000	-	48,0000	48,0000	48,4000	48,4000	0,83	560	26,88
		TATRY	TMR	PLN	-	130,0000	-	-	-	-	130,0000	-	-	-
		TAURONPE	TPE	PLN	17:04:55	3,9280	-	3,9400	3,9400	4,0230	3,9800	1,32	1 836 551	7 324,89
		TENDERHUT	THG	PLN	12:01:31	9,0000	-	9,2000	9,2000	9,3500	9,3500	3,89	492	4,58
		TERMOREX	TRR	PLN	15:49:33	0,8200	-	0,8150	0,8150	0,8150	0,8150	-0,61	3 105	2,53
		TESGAS	TSG	PLN	16:38:19	2,9300	-	2,9500	2,8600	2,9500	2,8600	-2,39	12 751	37,07
		TEXT	TXT	PLN	17:04:37	116,6000	-	117,2000	116,4000	119,8000	119,0000	2,06	53 258	6 264,26
		TIM	TIM	PLN	17:00:00	46,5500	-	46,1500	46,1500	46,6500	46,6000	0,11	2 821	131,36
		TORPOL	TOR	PLN	17:03:05	23,3500	-	23,5000	23,3500	23,7000	23,5000	0,64	15 397	362,20
		TOWERINVT	TOW	PLN	16:47:26	8,2000	-	8,2000	8,0000	8,5000	8,2000	0,00	5 113	41,91
		TOYA	TOA	PLN	17:00:00	8,0700	-	8,0700	7,9600	8,0800	8,0600	-0,12	40 060	321,79
		TRAKCJA	TRK	PLN	16:09:39	1,5700	-	1,5600	1,5000	1,5900	1,5450	-1,59	207 315	320,72
		TRANSPOL	TRN	PLN	17:03:04	3,6400	-	3,6600	3,6400	3,6600	3,6600	0,55	1 414	5,17
		TSGAMES	TEN	PLN	17:00:00	102,0000	-	103,4000	98,3500	104,3000	99,9500	-2,01	86 467	8 686,62
		ULMA	ULM	PLN	17:00:00	69,0000	-	68,5000	67,0000	70,0000	70,0000	1,45	919	63,38
		ULTGAMES	ULG	PLN	16:46:40	10,3000	-	10,2000	10,0000	10,3000	10,0500	-2,43	4 927	49,72
		UNFOLD 	UNF	PLN	-	1,5600	-	-	-	-	1,5600	-	-	-
		UNIBEP	UNI	PLN	16:46:34	9,1200	-	9,1200	9,0400	9,2400	9,1000	-0,22	9 371	85,25
		UNICREDIT	UCG	PLN	-	101,7200	-	-	-	-	101,7200	-	-	-
		UNIMA	U2K	PLN	09:16:23	6,3800	-	6,4200	6,4200	6,5400	6,5400	2,51	745	4,83
		UNIMOT	UNT	PLN	17:00:00	115,0000	-	115,0000	114,2000	117,2000	116,4000	1,22	15 711	1 816,30
		URTESTE	URT	PLN	17:00:00	97,0000	-	97,0000	93,0000	97,0000	93,0000	-4,12	246	23,26
		VERCOM	VRC	PLN	17:01:04	78,6000	-	79,2000	76,8000	79,2000	77,2000	-1,78	3 015	232,96
		VIGOPHOTN	VGO	PLN	17:00:53	512,0000	-	510,0000	502,0000	510,0000	508,0000	-0,78	150	76,09
		VIGOPHOTN-PDA	VGOA	PLN	17:00:00	526,0000	-	512,0000	512,0000	512,0000	512,0000	-2,66	140	71,68
		VINDEXUS	VIN	PLN	17:00:00	9,6800	-	9,6600	9,5000	9,8400	9,6000	-0,83	13 455	129,78
		VISTAL 	VTL	PLN	-	0,5990	0,0500	-	-	-	0,5990	-	-	-
		VIVID	VVD	PLN	13:21:47	0,7460	-	0,7360	0,7140	0,7460	0,7460	0,00	30 366	22,17
		VOTUM	VOT	PLN	17:03:51	47,2000	-	47,4000	46,0000	47,4000	46,0500	-2,44	17 049	792,88
		VOXEL	VOX	PLN	17:03:57	83,4000	-	83,2000	79,2000	83,2000	79,6000	-4,56	5 286	428,05
		VRG	VRG	PLN	17:00:00	3,6000	-	3,4800	3,4800	3,6000	3,5900	-0,28	23 620	83,99
		WARIMPEX	WXF	PLN	16:27:40	4,3400	-	4,3400	4,0400	4,3400	4,2000	-3,23	16 120	66,75
		WASKO	WAS	PLN	11:48:02	1,6250	-	1,6200	1,5900	1,6550	1,6550	1,85	10 776	17,42
		WAWEL	WWL	PLN	17:00:00	766,0000	-	766,0000	758,0000	770,0000	770,0000	0,52	81	62,18
		WIELTON	WLT	PLN	17:00:00	9,5000	-	9,5200	9,4000	9,5500	9,4800	-0,21	41 154	388,36
		WIKANA	WIK	PLN	17:00:00	4,7800	-	4,6200	4,6200	4,7800	4,7400	-0,84	829	3,85
		WIRTUALNA	WPL	PLN	17:04:10	122,0000	-	122,6000	120,0000	123,4000	120,0000	-1,64	2 952	358,36
		WITTCHEN	WTN	PLN	17:03:05	30,3000	-	30,4000	29,6000	30,8000	29,9000	-1,32	27 761	835,18
		WOJAS	WOJ	PLN	16:20:00	7,7800	-	7,8000	7,5400	7,8000	7,5400	-3,08	5 869	45,07
		XPLUS	XPL	PLN	17:00:00	1,5900	-	1,6000	1,5000	1,6000	1,5700	-1,26	3 049	4,63
		XTB	XTB	PLN	17:02:23	37,6400	-	37,7000	37,6000	38,8400	38,5000	2,28	450 763	17 277,84
		XTPL	XTP	PLN	17:00:00	162,0000	-	158,5000	155,0000	163,0000	158,5000	-2,16	3 227	509,53
		ZAMET	ZMT	PLN	17:00:00	1,6850	-	1,6300	1,5500	1,6950	1,6350	-2,97	141 929	227,29
		ZEPAK	ZEP	PLN	17:03:44	21,2000	-	21,1500	21,0500	22,7500	22,1000	4,25	123 637	2 722,53
		ZREMB	ZRE	PLN	15:37:24	3,7400	-	3,7950	3,6000	3,7950	3,7700	0,80	29 279	108,27
		ZUE	ZUE	PLN	15:51:15	7,2000	-	7,2800	7,2000	7,3000	7,2600	0,83	5 897	42,92